z-scores: [(1, 2.4414854490078746, 85.25565396184507, 85.25565396184507, 17.465990992569374, '192.168.0.1'), (5, -0.28848623417950009, 7.3464261448901595, 92.602080106735229, 15.122518238561671, '200.89.161.145'), (6, -0.54590805583196622, 0, 92.546278238296509, 14.248541850576309, '200.89.165.150'), (7, -0.47249748292236382, 2.0950257778167725, 94.697105884552002, 34.313943724991546, '190.94.176.113'), (8, 0.73112893455676675, 36.444687843322754, 131.14179372787476, 11.360473633886025, '187.16.219.213'), (9, -0.33052391154327165, 6.1467349529266357, 137.28852868080139, 13.100753375395833, '187.16.220.3'), (10, -0.54590805583196622, 0, 136.36642694473267, 10.831567092333215, '143.107.151.41'), (11, -0.53645351038797573, 0.26981830596923828, 137.55834698677063, 22.700316014933964, '143.107.151.62'), (13, -0.45283713286759764, 2.656102180480957, 140.21444916725159, 13.600719831689503, '200.144.248.54')]
tau: 1.777
Hay un enlace intercontinental en el salto 1 con z-score 2.44148544901
